function data()
return {
	times = { 0, 83.333, 125, 166.667, 208.333, 250, 291.667, 333.333, 375, 416.667, 458.333, 500, 541.667, 583.333, 625, 666.667, 708.333, 750, 791.667, 833.333, 4166.667, },
	transfs = {
		{ 0.99998730421066, 0.0050442782230675, 4.2774672692758e-10, 0, -0.0050442782230675, 0.99998730421066, 2.1769963609586e-09, 0, -3.3901415008586e-10, -1.7724062217894e-09, 1, 0, 0, 0, 0, 1, },
		{ 0.99981027841568, 0.01948019862175, 1.7126920992538e-09, 0, -0.01948019862175, 0.99981027841568, 8.3954532215103e-09, 0, -1.2597922705027e-09, -6.8543282161215e-09, 1, 0, 0, 0, 0, 1, },
		{ 0.99910694360733, 0.042255163192749, 3.9229348658409e-09, 0, -0.042255163192749, 0.99910694360733, 1.8170553062191e-08, 0, -2.5634676603659e-09, -1.4900744638169e-08, 1, 0, 0, 0, 0, 1, },
		{ 0.99738323688507, 0.072296477854252, 7.1820807079348e-09, 0, -0.072296477854252, 0.99738323688507, 3.0997775013475e-08, 0, -4.0035956772044e-09, -2.556856415481e-08, 1, 0, 0, 0, 0, 1, },
		{ 0.99409651756287, 0.10849933326244, 1.1631868801487e-08, 0, -0.10849933326244, 0.99409651756287, 4.6354635685475e-08, 0, -5.3143480727158e-09, -3.8506723143428e-08, 1, 0, 0, 0, 0, 1, },
		{ 0.98872846364975, 0.14972023665905, 1.7400509477739e-08, 0, -0.14972023665905, 0.98872846364975, 6.3704000297093e-08, 0, -6.2357230490306e-09, -5.3348937711917e-08, 1, 0, 0, 0, 0, 1, },
		{ 0.98084723949432, 0.19477877020836, 2.4575570023444e-08, 0, -0.19477877020836, 0.98084723949432, 8.250002991872e-08, 0, -6.5358558565265e-09, -6.9710033301362e-08, 1, 0, 0, 0, 0, 1, },
		{ 0.97015929222107, 0.24246850609779, 3.3182715242219e-08, 0, -0.24246850609779, 0.97015929222107, 1.0219720536497e-07, 0, -6.0294094161861e-09, -8.718629374016e-08, 1, 0, 0, 0, 0, 1, },
		{ 0.95654761791229, 0.29157623648643, 4.3171098695893e-08, 0, -0.29157623648643, 0.95654761791229, 1.2226192325215e-07, 0, -4.5926920044792e-09, -1.0535964634073e-07, 1, 0, 0, 0, 0, 1, },
		{ 0.94009673595428, 0.34090808033943, 5.4404154070653e-08, 0, -0.34090808033943, 0.94009673595428, 1.4218574051483e-07, 0, -2.1740618194599e-09, -1.2380502312226e-07, 1, 0, 0, 0, 0, 1, },
		{ 0.92110335826874, 0.38931810855865, 6.6657804609349e-08, 0, -0.38931810855865, 0.92110335826874, 1.6149866155502e-07, 0, 1.2001349913859e-09, -1.4209976484381e-07, 1, 0, 0, 0, 0, 1, },
		{ 0.90007454156876, 0.43573611974716, 7.9623674764662e-08, 0, -0.43573611974716, 0.90007454156876, 1.7978103983296e-07, 0, 5.4249085224001e-09, -1.5983350465376e-07, 1, 0, 0, 0, 0, 1, },
		{ 0.87771022319794, 0.47919172048569, 9.2918092775562e-08, 0, -0.47919172048569, 0.87771022319794, 1.966725164948e-07, 0, 1.0320349019821e-08, -1.7661778883848e-07, 1, 0, 0, 0, 0, 1, },
		{ 0.85487830638885, 0.51882863044739, 1.0609485201485e-07, 0, -0.51882863044739, 0.85487830638885, 2.1187595677929e-07, 0, 1.5640068795619e-08, -1.9209278434573e-07, 1, 0, 0, 0, 0, 1, },
		{ 0.83257722854614, 0.55390906333923, 1.186609139836e-07, 0, -0.55390906333923, 0.83257722854614, 2.2515642683629e-07, 0, 2.1083593537696e-08, -2.0593142835423e-07, 1, 0, 0, 0, 0, 1, },
		{ 0.81189477443695, 0.58380383253098, 1.3009395161134e-07, 0, -0.58380383253098, 0.81189477443695, 2.363332640698e-07, 0, 2.6311708367643e-08, -2.1783866088754e-07, 1, 0, 0, 0, 0, 1, },
		{ 0.79396218061447, 0.60796719789505, 1.398598499236e-07, 0, -0.60796719789505, 0.79396218061447, 2.452655394336e-07, 0, 3.0964372399467e-08, -2.2754578310469e-07, 1, 0, 0, 0, 0, 1, },
		{ 0.77990388870239, 0.62589925527573, 1.4743119436389e-07, 0, -0.62589925527573, 0.77990388870239, 2.5183155116792e-07, 0, 3.468062459433e-08, -2.3480069444304e-07, 1, 0, 0, 0, 0, 1, },
		{ 0.77078682184219, 0.63709324598312, 1.5230496330787e-07, 0, -0.63709324598312, 0.77078682184219, 2.5590176733203e-07, 0, 3.7120369000831e-08, -2.3935280069054e-07, 1, 0, 0, 0, 0, 1, },
		{ 0.76756328344345, 0.64097321033478, 1.5402163455747e-07, 0, -0.64097321033478, 0.76756328344345, 2.5730727770679e-07, 0, 3.7988286294421e-08, -2.4093492356769e-07, 1, 0, 0, 0, 0, 1, },
		{ 0.76756328344345, 0.64097321033478, 1.5402163455747e-07, 0, -0.64097321033478, 0.76756328344345, 2.5730727770679e-07, 0, 3.7988286294421e-08, -2.4093492356769e-07, 1, 0, 0, 0, 0, 1, },
	},
}
end
