function data()
return {
	times = { 0, 83.333, 125, 166.667, 208.333, 250, 291.667, 333.333, 375, 416.667, 458.333, 500, 541.667, 583.333, 625, 666.667, 708.333, 750, 791.667, 833.333, 4166.667, },
	transfs = {
		{ 0.99998199939728, 0.0060147428885102, 5.1130655265297e-10, 0, -0.0060147428885102, 0.99998199939728, 2.5955912974496e-09, 0, -4.0321879168914e-10, -2.1135946326467e-09, 1, 0, 0, 1.9531249563443e-05, -1.8626451075976e-11, 1, },
		{ 0.9997301697731, 0.023227401077747, 2.0609149942175e-09, 0, -0.023227401077747, 0.9997301697731, 1.0006750983393e-08, 0, -1.4868248854327e-09, -8.17578893475e-09, 1, 0, 0, 1.9531249563443e-05, -1.8626451075976e-11, 1, },
		{ 0.99873030185699, 0.050378363579512, 4.7655817070336e-09, 0, -0.050378363579512, 0.99873030185699, 2.1646535230957e-08, 0, -2.9842794901924e-09, -1.7779241190397e-08, 1, 0, 0, 1.9531249563443e-05, -1.8626451075976e-11, 1, },
		{ 0.99628019332886, 0.086173944175243, 8.8201090875373e-09, 0, -0.086173944175243, 0.99628019332886, 3.6897564115179e-08, 0, -4.5610870635926e-09, -3.0517412596964e-08, 1, 0, 0, 1.9531249563443e-05, -1.8626451075976e-11, 1, },
		{ 0.99160987138748, 0.12926609814167, 1.4444026419369e-08, 0, -0.12926609814167, 0.99160987138748, 5.5113336117074e-08, 0, -5.8550142512104e-09, -4.5969279938163e-08, 1, 0, 0, 1.9531249563443e-05, -1.8626451075976e-11, 1, },
		{ 0.98398691415787, 0.17824137210846, 2.1835461438968e-08, 0, -0.17824137210846, 0.98398691415787, 7.5622175188528e-08, 0, -6.5124363679558e-09, -6.3688354146052e-08, 1, 0, 0, 1.9531249563443e-05, -1.8626451075976e-11, 1, },
		{ 0.97280544042587, 0.23162394762039, 3.11323447022e-08, 0, -0.23162394762039, 0.97280544042587, 9.7736162274487e-08, 0, -6.2203180384302e-09, -8.319755551156e-08, 1, 0, 0, 1.9531249563443e-05, -1.8626451075976e-11, 1, },
		{ 0.95766204595566, 0.28789484500885, 4.2381685716464e-08, 0, -0.28789484500885, 0.95766204595566, 1.2076563393748e-07, 0, -4.7334083319583e-09, -1.0399087102542e-07, 1, 0, 0, 1.9531249563443e-05, -1.8626451075976e-11, 1, },
		{ 0.93840974569321, 0.34552475810051, 5.5519048913766e-08, 0, -0.34552475810051, 0.93840974569321, 1.4403792647499e-07, 0, -1.8959551706388e-09, -1.2554124850794e-07, 1, 0, 0, 1.9531249563443e-05, -1.8626451075976e-11, 1, },
		{ 0.91519206762314, 0.40301823616028, 7.0357145887101e-08, 0, -0.40301823616028, 0.91519206762314, 1.6691934945356e-07, 0, 2.3433983642462e-09, -1.473136990171e-07, 1, 0, 0, 1.9531249563443e-05, -1.8626451075976e-11, 1, },
		{ 0.88845574855804, 0.45896223187447, 8.6584833525194e-08, 0, -0.45896223187447, 0.88845574855804, 1.8883719121732e-07, 0, 7.9239441674872e-09, -1.6878158248801e-07, 1, 0, 0, 1.9531249563443e-05, -1.8626451075976e-11, 1, },
		{ 0.85894185304642, 0.51207315921783, 1.0377476655776e-07, 0, -0.51207315921783, 0.85894185304642, 2.0929921618063e-07, 0, 1.4672934867122e-08, -1.8944361102058e-07, 1, 0, 0, 1.9531249563443e-05, -1.8626451075976e-11, 1, },
		{ 0.82765620946884, 0.56123548746109, 1.2139906857556e-07, 0, -0.56123548746109, 0.82765620946884, 2.279079183154e-07, 0, 2.2312974579108e-08, -2.088395234523e-07, 1, 0, 0, 1.9531249563443e-05, -1.8626451075976e-11, 1, },
		{ 0.7958260178566, 0.60552525520325, 1.3885062344343e-07, 0, -0.60552525520325, 0.7958260178566, 2.4436715762022e-07, 0, 3.0476030588034e-08, -2.2656128351173e-07, 1, 0, 0, 1.9531249563443e-05, -1.8626451075976e-11, 1, },
		{ 0.76484489440918, 0.64421457052231, 1.5546677900602e-07, 0, -0.64421457052231, 0.76484489440918, 2.5847924689515e-07, 0, 3.8722276940462e-08, -2.4225835204561e-07, 1, 0, 0, 1.9531249563443e-05, -1.8626451075976e-11, 1, },
		{ 0.73620986938477, 0.67675340175629, 1.7055499768048e-07, 0, -0.67675340175629, 0.73620986938477, 2.7013206249649e-07, 0, 4.656331498154e-08, -2.5563565486664e-07, 1, 0, 0, 1.9531249563443e-05, -1.8626451075976e-11, 1, },
		{ 0.71145838499069, 0.70272821187973, 1.8341688701184e-07, 0, -0.70272821187973, 0.71145838499069, 2.7927566748076e-07, 0, 5.3487379858552e-08, -2.6644329409464e-07, 1, 0, 0, 1.9531249563443e-05, -1.8626451075976e-11, 1, },
		{ 0.69210475683212, 0.72179704904556, 1.9336987122642e-07, 0, -0.72179704904556, 0.69210475683212, 2.8588922873496e-07, 0, 5.898596100451e-08, -2.7445798878034e-07, 1, 0, 0, 1.9531249563443e-05, -1.8626451075976e-11, 1, },
		{ 0.67957735061646, 0.7336038351059, 1.9976742748895e-07, 0, -0.7336038351059, 0.67957735061646, 2.8993858336435e-07, 0, 6.2581648307969e-08, -2.7945748115599e-07, 1, 0, 0, 1.9531249563443e-05, -1.8626451075976e-11, 1, },
		{ 0.67515277862549, 0.73767805099487, 2.0201902373174e-07, 0, -0.73767805099487, 0.67515277862549, 2.9132738177395e-07, 0, 6.3858180965326e-08, -2.8118955697209e-07, 1, 0, 0, 1.9531249563443e-05, -1.8626451075976e-11, 1, },
		{ 0.67515277862549, 0.73767805099487, 2.0201902373174e-07, 0, -0.73767805099487, 0.67515277862549, 2.9132738177395e-07, 0, 6.3858180965326e-08, -2.8118955697209e-07, 1, 0, 0, 1.9531249563443e-05, -1.8626451075976e-11, 1, },
	},
}
end
